Requirement ID,Test File,Test Function
NONE,test_random.c,test_random_NeedToImplement
CONT-101,test_random.c,test_LedTwitch_should_turn_on_led_with_1s_delay
CONT-102,test_random.c,test_LedTwitch_should_turn_off_led_with_1s_delay
CONT-103,test_random.c,test_random_blinkusecase
CONT-104,test_random.c,test_LedTwitch_offusecase
CONT-105,test_random.c,test_LedTwitch_onusecase
CONT-106,test_random.c,test_LedTwitch_startusecase
CONT-107,test_random.c,test_LedTwitch_stopusecase
